73514
18440
29919
42110
43422
59428
9869
87395
50411
6415
67241
90601
96627
94603
27276
63011
51294
85527
48072
60222
95025
99194
72436
22296
3286
21476
77338
50406
89605
8412
7793
221
75772
13188
21318
70918
1432
83138
43700
90900
82240
85138
14212
23065
70364
21707
8622
26184
25817
81677
84667
61342
92850
38943
88495
87898
82642
89562
19147
60788
20782
30531
38698
84117
61447
48537
60787
21097
87855
29623
65943
47007
38618
45373
6263
24414
40167
89983
67472
41611
88104
7262
56087
40853
15054
8087
22738
1369
64182
30688
79843
34702
54647
9132
54556
23938
14481
18398
31560
89893